test_iter: 91
test_interval: 456
base_lr: 0.00999999977648
display: 57
max_iter: 27360
lr_policy: "sigmoid"
gamma: -0.000182748539373
momentum: 0.899999976158
weight_decay: 9.99999974738e-05
stepsize: 13681
snapshot: 13680
snapshot_prefix: "snapshot"
solver_mode: GPU
net: "train_val.prototxt"
solver_type: NESTEROV
