test_iter: 30
test_interval: 292
base_lr: 0.00999999977648
display: 36
max_iter: 8760
lr_policy: "step"
gamma: 0.10000000149
momentum: 0.899999976158
weight_decay: 9.99999974738e-05
stepsize: 2891
snapshot: 4380
snapshot_prefix: "snapshot"
solver_mode: GPU
net: "train_val.prototxt"
solver_type: SGD
