test_iter: 46
test_interval: 114
base_lr: 0.10000000149
display: 14
max_iter: 3420
lr_policy: "step"
gamma: 0.10000000149
momentum: 0.899999976158
weight_decay: 0.0010000000475
stepsize: 1129
snapshot: 1140
snapshot_prefix: "snapshot"
solver_mode: GPU
net: "train_val.prototxt"
solver_type: SGD
