test_iter: 91
test_interval: 456
base_lr: 0.10000000149
display: 57
max_iter: 13680
lr_policy: "step"
gamma: 0.10000000149
momentum: 0.899999976158
weight_decay: 0.0010000000475
stepsize: 4515
snapshot: 456
snapshot_prefix: "snapshot"
solver_mode: GPU
net: "train_val.prototxt"
solver_type: SGD
